4294967278,383
4294967279,452
4294967294,989
69,5
69,4
69,3
69,2
69,1
68,7
68,6
68,5
68,4
68,3
68,2
68,1
67,5
67,4
67,3
67,2
67,1
4294967279,451
66,4
66,3
66,2
66,1
4294967294,439
4294967279,450
65,5
65,4
65,3
65,2
65,1
4294967279,449
64,4
64,3
64,2
64,1
63,4
63,3
63,2
63,1
62,6
4294967279,448
62,5
62,4
62,3
62,2
62,1
61,4
61,3
61,2
61,1
60,5
60,4
60,3
60,2
60,1
59,4
59,3
59,2
59,1
4294967279,447
4294967278,382
58,5
58,4
58,3
58,2
58,1
4294967278,381
57,7
4294967279,446
4294967279,445
57,6
4294967278,380
57,5
57,4
57,3
57,2
57,1
56,5
56,4
56,3
56,2
56,1
55,4
55,3
55,2
55,1
54,5
54,4
54,3
54,2
54,1
53,4
53,3
53,2
53,1
52,4
52,3
52,2
52,1
51,6
4294967279,444
51,5
51,4
51,3
51,2
51,1
50,4
50,3
50,2
50,1
49,5
49,4
49,3
49,2
49,1
48,4
48,3
48,2
48,1
4294967279,443
4294967278,379
4294967278,378
4294967279,442
4294967278,377
4294967279,441
4294967278,376
4294967279,440
4294967279,439
4294967279,438
47,5
47,4
47,3
47,2
47,1
46,7
4294967278,375
4294967278,374
46,6
46,5
46,4
46,3
46,2
46,1
4294967278,373
45,5
45,4
45,3
45,2
45,1
44,4
44,3
44,2
44,1
43,5
43,4
43,3
43,2
43,1
42,4
42,3
42,2
42,1
41,4
41,3
41,2
41,1
4294967278,372
4294967278,371
40,6
40,5
40,4
40,3
40,2
40,1
39,4
39,3
39,2
39,1
38,5
38,4
38,3
38,2
38,1
37,4
37,3
37,2
37,1
4294967278,370
4294967279,437
4294967279,436
4294967279,435
4294967278,369
4294967278,368
4294967278,367
4294967278,366
36,5
36,4
36,3
36,2
36,1
4294967278,365
35,7
4294967279,434
35,6
35,5
35,4
35,3
35,2
35,1
34,5
34,4
34,3
34,2
34,1
33,4
33,3
33,2
33,1
32,5
32,4
32,3
32,2
32,1
4294967278,364
31,4
31,3
31,2
31,1
30,4
30,3
30,2
30,1
29,6
29,5
29,4
29,3
29,2
29,1
28,4
28,3
28,2
28,1
27,5
27,4
27,3
27,2
27,1
26,4
26,3
26,2
26,1
4294967278,277
4294967279,433
4294967278,363
4294967278,362
4294967279,432
4294967278,361
4294967279,431
4294967278,360
4294967279,430
4294967278,359
4294967278,358
4294967279,429
4294967278,357
4294967278,356
4294967279,428
4294967279,427
4294967278,355
4294967279,426
25,5
25,4
25,3
25,2
25,1
4294967294,990
4294967278,354
4294967279,425
24,7
4294967294,474
24,6
24,5
24,4
24,3
24,2
24,1
23,5
23,4
23,3
23,2
23,1
22,4
22,3
22,2
22,1
4294967294,1422
4294967278,353
21,5
21,4
21,3
21,2
21,1
4294967279,424
4294967278,352
4294967279,423
20,4
20,3
20,2
20,1
19,4
19,3
19,2
19,1
4294967278,351
4294967278,350
18,6
4294967279,422
4294967279,421
18,5
18,4
18,3
18,2
18,1
4294967278,349
17,4
17,3
17,2
17,1
4294967279,420
4294967279,419
16,5
16,4
16,3
16,2
16,1
15,4
15,3
15,2
15,1
4294967279,418
4294967279,417
4294967278,348
4294967278,347
4294967279,416
4294967278,346
4294967279,415
4294967278,345
4294967279,414
4294967278,344
4294967279,413
4294967279,412
4294967278,343
4294967279,411
4294967279,410
4294967279,409
4294967278,342
4294967279,408
4294967279,407
4294967278,341
4294967279,406
4294967279,405
4294967278,340
4294967279,404
4294967278,339
4294967278,338
4294967279,403
4294967278,337
4294967279,402
4294967278,336
4294967279,401
4294967279,400
4294967278,335
4294967279,399
4294967278,334
4294967278,333
4294967279,398
4294967278,332
14,5
14,4
14,3
14,2
14,1
4294967279,397
4294967279,396
4294967294,472
4294967278,331
4294967293,131
4294967293,130
4294967293,129
4294967293,128
4294967293,127
4294967293,126
4294967293,125
4294967293,124
4294967293,123
